iterations=5, confidence=0.999
E: [-0.3167258335351851 -0.43775244043954586 0.9660466639499625; 0.2619577699002953 0.7038985187727089 1.9329806171616095; -1.017706545374622 -1.7381748492166444 0.454109429540148]
R: [0.954541810842244 -0.038276722731952297 0.29560924182256415; 0.14725271643163648 0.9228115523624375 -0.35599926450757263; -0.259165138198628 0.38334544646223434 0.8864985616565642]
t: [-0.8658393396113009, 0.34835200192171456, 0.3591282789458383]
degrees: [16.56866146]

iterations=10, confidence=0.999
E: [0.40167015100690423 -0.506494028951368 1.091663026903823; 0.15437687560744187 0.128056832761619 -0.6777559769933579; -1.2130990628946474 0.4289119571006007 0.4458831680092724]
R: [0.9485352294815106 0.1397105453663133 -0.2841863507382164; -0.09555918509851129 0.981862814344827 0.16374936931226233; 0.30190952382421743 -0.12816542950539567 0.9446820957888064]
t: [-0.43336133174619906, -0.8648192783683011, -0.25354599564909625]
degrees: [15.9]

iterations=20, confidence=0.999
E: [-0.34826474144352576 -0.8265139449443766 1.5260198391566278; 0.15735036710557893 1.0205936500059671 5.087335500567901; -1.736830751558274 -4.892490291248301 0.7319205677104887]
R: [0.9786495207583884 -0.04021666735060248 0.20156322875610935; 0.0810131910510265 0.9767556625067564 -0.19845714559248848; -0.18889674003303106 0.21054927078524704 0.959159541565789]
t: [-0.9440084535153018, 0.25264261955486633, 0.21217857214173014]
degrees: [7.16135971]

iterations=50, confidence=0.999
E: [0.3803248331760012 -0.18922710081276506 0.7967182500688614; 0.2962208887730542 0.003273705840529384 -0.3229158749399875; -0.7704528592928036 0.07827977185852344 0.29635231134965795]
R: [0.9067729036393648 0.11676147547186806 -0.4051291881253031; -0.20277568637326868 0.963233570172404 -0.17624729872759629; 0.36965513961161806 0.2419666240177707 0.8971104896389058]
t: [0.19488461006438051, 0.8794237172159055, 0.4343200598155853]
degrees: [29.67664694]


iterations=20, confidence=0.999
E: [0.0663334112180847 0.5912195727611528 0.3774856778669553; -0.4915964940529274 -0.06612803041074589 0.3316068297460457; -0.35195855226730755 -0.18188450871741701 0.13985711197498266]
R: [0.9270820654472938 0.12224195015551736 -0.35436668797751913; -0.1273278731340626 0.9918196110597456 0.009026175294713496; 0.35257120791286456 0.036752751454427024 0.9350629810934624]
t: [-0.1872654389556052, 0.5550049365665908, -0.8104944020531414]
角度: pitch:-20.64, yaw:2.3, roll:-7.82
[22.36903938]


E: [0.09356809953002287 -0.5305850933769398 1.3460971778728867; 0.10461202625093333 0.4515785080283068 -4.748755074453439; -1.4664486450918266 4.702013234549701 0.5329497840407407]
R: [0.9979137106932234 0.021883252832659867 -0.060740013631406055; -0.016088453446126475 0.9954134864144458 0.09430351387912052; 0.06252509637092399 -0.09312955658489697 0.9936888335963661]
t: [-0.9565081709698139, -0.28022783097821147, -0.08102148858931278]
角度: pitch:-3.58, yaw:-5.4, roll:-0.92
degrees:[6.93909105]





